-0.002240271271060015
-0.0013949804176664438
0.007804446626082557
-0.020349965744018643
-0.029912273789182157
0.021815804582079636
0.006121022335496885
0.04479969948823913
-0.0363024149738543
0.02170128592285612
-0.014566773453231126
-0.028240301364518834
0.03733308290686594
0.010970887553612751
-0.021724189654700823
-0.04200544420318535
-0.006762326827148569
-0.02743867074995423
-0.0347449612084145
-0.0069741863467120725
0.03847826949910109
0.08643868398190924
-0.015666152581776872
-0.008577447575841285
0.01043264985526223
-0.013467394324685382
-0.03692081573366128
-0.011629369844147964
-0.02349922887266531
-0.07063510900906414
-0.009694004503270556
-0.05918324308671263
0.018334437341684776
-0.029660332738890422
0.034538827621812165
0.0076784761009366905
-0.041295428515999565
0.04638005698552363
-0.038180520985119946
0.003515722838161915
-0.024942163978881597
0.007752913229431975
-0.015345500335951029
-0.029133546906462252
0.013490298056530084
0.016685368648866158
-0.0090698778105024
-0.009384804123367067
-0.02835482002374235
0.015437115263329842
0.03206522458258424
0.01429192867109469
0.030897134258504388
0.0009877234358028181
-0.08634706905453042
-0.015608893252165114
0.006785230558993272
0.05620575794690123
-0.0499301354214526
-0.006539015441662715
0.02391149604586996
0.005828999754476921
0.022869376246935975
-0.02814868643714002
0.01330706820177246
-0.0031979335588166605
0.02056755119654332
0.05432765193563559
-0.039898300873472674
0.021495152336253792
0.003896497380080103
-0.030370348426076218
-0.011234280469826836
0.0770939613892704
0.020911107174213867
0.018059592559548338
0.014486610391774665
-0.01089072449215629
-0.017578614190809576
-0.05707609975699995
0.011829777497789115
0.007512424045062594
-0.021506604202176146
-0.025514757274999175
-0.003449874609108394
-0.011554932715652678
0.0005940655447219848
-0.01942236460430817
0.016055516023136825
-0.05148758918689241
0.05483153403621905
0.03440140523074395
-0.026957692381215464
0.060374237142637184
-0.02549185354315447
-0.01843750413498594
0.01633036080527326
-0.014543869721386424
-0.016284553341583855
0.022823568783246567
-0.03364558207986875
-0.006075214871807478
-0.03144682382277726
0.010970887553612751
0.020235447084795126
-0.01421176560963823
-0.011480495587157394
0.06280203271817571
-0.016009708559447416
-0.013169645810704242
-0.006000777743312194
0.0011845523813432347
-0.03206522458258424
0.02865256853772349
0.04189092554396184
-0.007632668637247285
-0.013352875665461866
0.021758545252467877
-0.05565606838262836
-0.05336569519815806
-0.005631455067316357
-0.05231212353330172
-0.02549185354315447
0.038707306817548116
0.05840451620399272
0.01823137054838361
0.03350815968880053
-0.03298137385637236
0.00012811775000630757
0.018426052269063586
0.041822214348427734
-0.020132380291493963
0.054006999689809744
0.06715374176866928
-0.02842353121927646
0.021495152336253792
-0.019113164224404677
0.005757425592462224
0.037768253811915294
0.014039987620802956
-0.03492819106317212
0.010495635117835163
0.06747439401449512
0.036004666459873165
-0.003942304843769509
-0.028102878973450617
-0.019181875419938786
0.011062502480991563
0.006058037072923951
-0.06390141184672145
0.03572982167773672
-0.0035071339387201515
-0.017807651509256606
0.03222555070549716
0.017956525766247174
-0.02365955499557823
0.00893245541943418
-0.018300081743917722
0.05780901917603044
-0.009590937709969393
0.024163437096161696
-0.01685714663770143
0.035569495554823805
0.011703806972643248
-0.08556834217181052
-0.04015024192376441
0.025354431152086254
0.06417625662885788
-0.013284164469927758
-0.021277566883729115
-0.007569683374674351
-0.005353747318699333
-0.007861705955694315
-0.0011645116159791197
0.004592198234862958
-0.015666152581776872
-0.015105011151581648
-0.011085406212836267
0.047593954773292896
0.023006798638004193
-0.011909940559245576
-0.005018780240470551
-0.016307457073428556
-0.0032151113577001877
-0.018494763464597695
0.009373352257444715
-0.02812578270529532
0.022262427353051343
-0.018632185855665916
-0.013181097676626593
0.03085132679481498
-0.00461510196670766
0.03992120460531738
-0.012871897296723103
-0.026751558794613137
0.016444879464496773
-0.006750874961226218
-0.03543207316375559
-0.016467783196341478
0.018414600403141235
-0.022205168023439588
0.016376168268962665
0.015654700715854522
-0.007145964335547345
0.02125466315188441
-0.03149263128646666
0.025125393833639223
0.0033153151845207634
0.02168983405693377
0.0015746315643233332
-0.002669716243148197
0.02911064317461755
0.028812894660636412
-0.0370353343928848
-0.041868021812117136
-0.016296005207506205
-0.02553766100684388
0.052266316069612316
0.016811339174012025
0.025285719956552145
-0.0014193156327514409
0.030668096940057357
0.05428184447194618
-0.027919649118692994
0.034951094795016825
0.02124321128596206
-0.02714092223597309
-0.027461574481798933
-0.0215638635317879
-0.0035329006370454423
-0.015322596604106327
0.04037927924221144
0.10865530387127117
0.01767022911818839
-0.012035911084391442
-0.05629737287428004
0.0642678715562367
0.04454775843794739
0.0008538797528353349
0.03197360965520543
-0.009390530056328242
-0.009253107665260024
-0.019536883263531684
-0.006390141184672145
-0.03428688657152044
-0.003776252787895412
0.03085132679481498
-0.031309401431709044
0.00010941900017996798
-0.013467394324685382
-0.04644876818105775
0.14841618235367562
-0.009373352257444715
-0.057579981857583416
0.019617046324988143
0.004775428089620582
0.019685757520522252
-0.12514599079945735
-0.027530285677333042
-0.046540383108436556
0.09257688411628964
0.0022073471565332544
0.018861223174112946
0.012574148782741964
-0.03467625001288038
-0.0009111390824470924
-0.031813283532292506
-0.04470808456086031
-0.019994957900425745
-0.010495635117835163
0.055976720628454206
0.018838319442268242
-0.03192780219151602
0.038134713521430545
0.00959666364293057
-0.019754468716056364
0.05473991910884024
0.06009939236050075
0.02624767669402967
0.029041931979083443
0.025652179666067393
-0.05803805649447748
0.01761296978857663
-0.011491947453079744
0.03433269403520984
0.018242822414305963
-0.0017979429498091878
-0.014097246950414715
-0.009694004503270556
-0.013501749922452436
0.008359862123316606
-0.019548335129454034
0.03275233653792533
0.011772518168177357
0.017189250749449624
-0.007890335620500193
-0.007082979072974412
0.004927165313091739
0.006825312089721503
-0.03307298878375117
-0.005574195737704599
0.015311144738183975
-0.0021958952906109028
-0.016971665296924943
-0.01618148654828269
0.015918093632068607
0.03373719700724756
0.005989325877389842
0.02085384784460211
0.08217858985879446
-0.015379855933718083
0.030759711867436167
0.048281066728633984
-0.001840887447018006
0.024896356515192192
0.06545886561216126
-0.004380338715299454
0.028057071509761212
-0.04585327115309547
0.014051439486725308
-0.00846292891661777
0.027988360314227103
-0.0042200125923865335
0.016811339174012025
-0.19074227880268682
0.008119372938947223
0.00936762632448354
0.009665374838464679
0.01066168717370926
0.034584635085501574
0.02562927593422269
0.031217786504330228
-0.02349922887266531
0.04997594288514201
0.004079727234837727
-0.012986415955946618
-0.019479623933919925
-0.02977485139811394
0.02291518371062538
0.006138200134380412
-0.028858702124325817
-0.005522662341054018
0.00487276894996057
0.044020972605519224
-0.03059938574452325
0.00933899665967766
0.014269024939249987
-0.05845032366768213
0.004420420246027685
0.05583929823738599
0.0001413589699790265
-0.031217786504330228
-0.035546591822979104
0.0506172473767937
-0.01958269072722109
-0.013135290212937188
0.014498062257697017
0.019468172067997575
0.0045750204359794305
-0.02238839787819721
0.2988478931096851
0.032340069364720676
-0.010993791285457454
0.02365955499557823
-0.037172756783953015
-0.02086529971052446
0.011371702860895054
0.02691188491752606
-0.04376903155522749
0.018265726146150667
-0.025423142347620362
-0.012597052514586666
0.06000777743312194
0.07100156871857939
-0.0006949851131627076
0.03522593957715326
0.06266461032710749
-0.016307457073428556
-0.03902795906337396
-0.0014057165419686483
0.006687889698653284
-0.0012296441034124939
0.002218799022455606
-0.019548335129454034
-0.007890335620500193
0.01808249629139304
0.009035522212735346
-0.01278028236934429
-0.013627720447598302
-0.00744943878248966
-0.0007289828401196886
-0.03508851718608504
0.02526281622470744
-0.04507454427037556
0.020384321341785697
0.018185563084694205
-0.0017664503185227211
-0.030141311107629187
0.0039451678102500965
-0.012952060358179564
0.029614525275201017
-0.010587250045213976
0.007632668637247285
-0.062343958081281646
0.034607538817346274
0.024369570682764023
-0.033004277588217064
-0.016902954101390835
0.057121907220689355
-0.011526303050846799
0.01286044543080075
-0.03802019486220703
-0.014246121207405284
-0.0005722354253075023
0.03085132679481498
0.03625660751016489
-0.0013964119009067378
-0.013524653654297138
0.044593565901636795
0.025904120716359127
0.020349965744018643
0.022651790794411295
-0.012459630123518448
-0.034447212694433356
-0.0393486113091998
0.03733308290686594
0.009980301151329345
-0.005559880905301661
0.1460341942418265
-0.09436337520017649
-0.0030719630336707936
0.04773137716436111
0.018620733989743562
-0.02927096929753047
0.07718557631664921
-0.04250932630376882
-0.006664985966808581
0.005001602441587024
0.008875196089822424
0.03543207316375559
0.012345111464294933
-0.041295428515999565
0.02243420534188662
0.036073377655407274
-0.009739811966959963
-0.015208077944882811
0.05089209215893013
0.00638441525171097
-0.01460112905099818
0.017967977632169528
0.03744760156608945
0.05693867736593173
0.033439448493266424
-0.041913829275806544
-0.008514462313268351
0.01608987162090388
0.007186045866275576
-0.022594531464799537
-0.04731910999115646
-0.048281066728633984
0.072650637411398
0.012642859978276072
0.013776594704588871
-0.01823137054838361
-0.045028736806686155
0.06774923879663156
0.01807104442547069
0.031355208895398445
0.04777718462805052
-0.040814450147260796
-0.014658388380609939
0.041913829275806544
0.0024421104079414605
0.05011336527621023
0.031171979040640823
0.024690222928589866
0.019090260492559973
0.002662558826946727
-0.036554356024146036
-0.024598608001211053
-0.05913743562302322
-0.03163005367753488
-0.03190489845967132
0.036714682147058954
-0.019628498190910497
0.02530862368839685
0.028102878973450617
0.04214286659425357
-0.023247287822373574
0.0008173769302078393
0.057671596784962226
-0.026201869230340267
-0.009442063452978823
0.01572341191138863
0.05739675200282579
-0.04205125166687476
-0.0013799498436433575
0.04656328684028126
0.05327408027077925
0.05460249671777202
-0.02244565720780897
0.025697987129756798
-0.014085795084492363
0.02425505202354051
0.03153843875015607
-0.00296889624036963
0.023258739688295928
0.012184785341382011
0.017498451129353113
-0.04489131441561794
-0.00944778938594
-0.025125393833639223
0.02917935437015166
-0.0016404797933768545
-0.00948787091666823
0.03220264697365246
-0.04516615919775437
0.028034167777916508
-0.018426052269063586
-0.02261743519664424
0.04718168760008824
0.017590066056731926
0.0014321989819140863
-0.03055357828083384
0.002124321128596206
0.043356764382022836
0.02943129542044339
0.008806484894288315
-0.009201574268609443
-0.05222050860592291
-0.008417121452928363
0.044410336046879176
-0.011033872816185685
0.02865256853772349
0.007689927966859042
-0.02523991249286274
0.018025236961781283
-0.029362584224909283
0.0007386453519916727
0.03165295740937959
-0.03108036411326201
-0.008399943654044836
-0.0100146567490964
-0.013295616335850108
0.012848993564878399
-0.060832311779531245
0.0162501977438168
0.030118407375784483
0.021644026593244364
-0.017303769408673137
0.006727971229381515
0.06930669256207136
0.007821624424966084
0.02844643495112116
-0.010169256939048145
-0.012562696916819611
0.012700119307887829
-0.049792713030384385
0.0032179743241807757
-0.011446139989390338
0.02963742900704572
-0.0650007909752672
-0.021987582570914908
-0.0007873157821616666
0.09184396469725915
-0.03616499258278608
0.0139827282911912
-0.011967199888857333
-0.01981172804566812
-0.01944526833615287
-0.00921875206749297
0.05629737287428004
-0.01793362203440247
-0.07242160009295098
0.04319643825910991
0.019891891107124582
0.0589542057682656
-0.00759831303948023
0.009184396469725915
0.007667024235014339
-0.00877212929652126
-0.005118984067291127
-0.030141311107629187
-0.039302803845510395
-0.05648060272903767
-0.030668096940057357
-0.03243168429209949
0.13559009252064194
-0.018620733989743562
0.0393257075773551
0.02895031705170463
0.009167218670842388
0.023636651263733526
0.07549070016014119
0.051441781723203
0.02867547226956819
-0.005030232106392903
-0.025904120716359127
0.01997205416858104
-0.03726437171133183
-0.0031034556649572605
-0.00669361563161446
0.02730124835888601
-0.019021549297025864
0.0215409597999432
0.2050342074737815
-0.012379467062061987
0.004426146178988861
0.003375437480613109
-0.029385487956753987
-0.019410912738385817
0.040425086705900844
0.026201869230340267
0.010982339419535102
0.023613747531888822
0.013856757766045332
-0.03032454096238681
-0.00580323305615163
-0.011348799129050352
-0.010438375788223406
0.05423603700825677
-0.04938044585717973
-0.02478183785596868
0.025285719956552145
0.007094430938896763
-0.0589542057682656
0.01866654145343297
-0.06069488938846303
0.011451865922351515
-0.008062113609335467
-0.037241467979487124
-0.024232148291695805
0.01225349653691612
-0.02759899687286715
0.008863744223900072
0.02901902824723874
0.024644415464900458
-0.0370353343928848
-0.028102878973450617
-0.02033851387809629
0.022869376246935975
-0.0249650677107263
-0.016685368648866158
-0.03987539714162797
0.0021042803632320907
0.034355597767054546
0.021506604202176146
-0.016456331330419127
-0.0018509078297000636
0.011285813866477418
-0.011675177307837369
-0.011932844291090278
-0.006372963385788618
0.029751947666269235
-0.02368245872742293
-0.0017006020894692
-0.033553967152489934
-0.012539793184974909
0.01638762013488502
-0.00835413619035543
0.005637181000277533
-0.009293189195988254
-0.20448451790950864
0.0027312700224808363
0.07013122690848067
0.007632668637247285
-0.02244565720780897
-0.05327408027077925
0.02553766100684388
0.019479623933919925
-0.01763587352042133
0.015700508179543927
0.03220264697365246
-0.026293484157719076
-0.014692743978376993
0.0499301354214526
0.018345889207607127
-0.030965845454038497
0.0039136751789636305
-0.014532417855464072
-0.03996701206900678
-0.0026282032291796726
-0.010787657698855127
0.012963512224101914
0.01919332728586114
-0.0039136751789636305
-0.13577332237539955
0.03879892174492693
-0.01422321747556058
0.022205168023439588
-0.0013133858729696894
-0.013089482749247781
0.002977485139811394
-0.02328164342014063
0.008170906335597805
0.032340069364720676
0.011629369844147964
-0.025377334883930958
-0.015998256693525066
0.0013305636718532166
0.008795033028365963
0.02849224241481057
0.015918093632068607
0.010306679330116364
-0.016960213431002593
0.037126949320263614
-0.008674788436181273
0.07517004791431534
0.007208949598120278
-0.011749614436332654
-0.010844917028466884
0.025514757274999175
0.046082308471542495
0.0030805519331125572
-0.0069913641455956
-0.007558231508752
0.0031807557599331333
-0.014910329430901672
0.01542566339740749
-0.017361028738284896
0.003990975273939503
0.045532618907269624
-0.005110395167849363
-0.021895967643536095
-0.024323763219074618
-0.005631455067316357
0.04887656375659626
-0.004053960536512437
0.03341654476142172
-0.0005350168610598598
0.012505437587207855
-0.034882383599482716
-0.011131213676525671
-0.027392863286264824
-0.009585211777008218
0.002011233952612985
0.0756739300148988
-0.02147224860440909
0.018254274280228314
0.030576482012678544
-0.009751263832882315
0.026339291621408484
-0.014910329430901672
-0.02503377890626041
0.01873525264896708
0.03490528733132742
-0.009808523162494072
0.05890839830457619
0.04040218297405614
0.019307845945084653
0.019880439241202228
0.023293095286062982
-0.010049012346863454
0.003988112307458915
-0.004566431536537667
-0.005307939855009927
-0.00805638767637429
-0.00650465984389566
-0.007855980022733139
-0.008348410257394254
-0.034355597767054546
0.00884084049205537
0.06829892836090444
0.07315451951198147
-0.06403883423778967
-0.010077642011669333
0.02402601470509348
-0.0484184891197022
